rh.pial.DK.frontalpole,lh.pial.DK.frontalpole,rh.pial.DK.rostralmiddlefrontal,lh.pial.DK.rostralmiddlefrontal,rh.pial.DK.parsorbitalis,lh.pial.DK.parsorbitalis,rh.pial.DK.medialorbitofrontal,lh.pial.DK.medialorbitofrontal,rh.pial.DK.rostralanteriorcingulate,lh.pial.DK.rostralanteriorcingulate,rh.pial.DK.parstriangularis,lh.pial.DK.parstriangularis,rh.pial.DK.lateralorbitofrontal,lh.pial.DK.lateralorbitofrontal,rh.pial.DK.superiorfrontal,lh.pial.DK.superiorfrontal,rh.pial.DK.caudalanteriorcingulate,lh.pial.DK.caudalanteriorcingulate,rh.pial.DK.parsopercularis,lh.pial.DK.parsopercularis,rh.pial.DK.caudalmiddlefrontal,lh.pial.DK.caudalmiddlefrontal,rh.pial.DK.temporalpole,lh.pial.DK.temporalpole,rh.pial.DK.insula,lh.pial.DK.insula,rh.pial.DK.entorhinal,lh.pial.DK.entorhinal,rh.pial.DK.precentral,lh.pial.DK.precentral,rh.pial.DK.posteriorcingulate,lh.pial.DK.posteriorcingulate,rh.pial.DK.superiortemporal,lh.pial.DK.superiortemporal,rh.pial.DK.postcentral,lh.pial.DK.postcentral,rh.pial.DK.transversetemporal,lh.pial.DK.transversetemporal,rh.pial.DK.paracentral,lh.pial.DK.paracentral,rh.pial.DK.middletemporal,lh.pial.DK.middletemporal,rh.pial.DK.parahippocampal,lh.pial.DK.parahippocampal,rh.pial.DK.inferiortemporal,lh.pial.DK.inferiortemporal,rh.pial.DK.supramarginal,lh.pial.DK.supramarginal,rh.pial.DK.fusiform,lh.pial.DK.fusiform,rh.pial.DK.bankssts,lh.pial.DK.bankssts,rh.pial.DK.isthmuscingulate,lh.pial.DK.isthmuscingulate,rh.pial.DK.precuneus,lh.pial.DK.precuneus,rh.pial.DK.superiorparietal,lh.pial.DK.superiorparietal,rh.pial.DK.inferiorparietal,lh.pial.DK.inferiorparietal,rh.pial.DK.lingual,lh.pial.DK.lingual,rh.pial.DK.cuneus,lh.pial.DK.cuneus,rh.pial.DK.pericalcarine,lh.pial.DK.pericalcarine,rh.pial.DK.lateraloccipital,lh.pial.DK.lateraloccipital
0.09181699299518262,0.077011197185269,0.16037026652450215,0.17971531163372373,0.10734221332598799,0.12888524937472295,0.07816472203056546,0.07372097513027637,0.12229917116935868,0.12399352294401597,0.4069224140478245,0.04481448053747432,0.09884069486303834,0.10892607330382842,0.08341525782537859,0.09124028699119857,0.11502905807998015,0.12512706520398484,0.10606608665308928,0.13954342953237114,0.09585877075970442,0.11436536298115436,0.0911453870491184,0.12285473119134241,0.23258318211442602,0.4159274258646958,0.10506848131394751,0.18527494107899942,0.26200008907489425,0.5135734967944686,0.10185029168901888,0.1329814255692465,0.09455110069219039,0.4376122296886872,0.0993114722994953,0.224815515742847,0.11434030221197598,0.39542063809742733,0.20251752586949753,0.32122280153896254,0.1343221010365802,0.39334712354968104,0.12129867835218273,0.2784148268586011,0.10485036433121729,0.3178907414668246,0.08945886623068185,0.29909333895414053,0.11437442105827714,0.3116349624695937,0.0888583080446398,0.04749211979049208,0.37242308608548147,0.3849076286477877,0.18285481580364102,0.27630322826111503,0.2079203850123002,0.2739640300915779,0.09430872141200997,0.24230989547873463,0.16508936397663473,0.25710107609296945,0.09714211830977432,0.13270803592536282,0.1427355026291438,0.20987174092616767,0.10289352031147028,0.1859584021306122
0.077011197185269,0.07342508972344884,0.16921505441587759,0.1702383274503897,0.12422757150493813,0.09880826079356253,0.07156856866327665,0.07187496789917167,0.12557099770374855,0.11624457287189882,0.049624359564495915,0.3950240843387891,0.11729953118037927,0.10203720561109988,0.0869014905956976,0.08426616435439122,0.10927562152091264,0.1137226310636811,0.14179910839757645,0.10171246312449783,0.10781523278695238,0.08897131755466547,0.15325319452951594,0.0810553074170131,0.43097079252435133,0.25279687891562247,0.19309492837163622,0.10926552226001213,0.4171080146865441,0.3248785204904667,0.1312490723690667,0.10290066021776037,0.4297427732835548,0.10957867238510437,0.2534464002033769,0.10028983627702553,0.41157293414196067,0.10594395702874611,0.3087493274085256,0.18532855459147196,0.3489837464759622,0.12973171763518224,0.2613241718702068,0.12674003079658727,0.2861798055076067,0.09907134491074474,0.29833349253990565,0.08927664663760433,0.2654769254150289,0.12378913846663889,0.040878923077407266,0.10010031197547029,0.38489260622497357,0.3362501400349641,0.3056545401466368,0.18203447416936433,0.25915166420220165,0.24469334162831544,0.24807210850103234,0.09454267391647427,0.24254167997658446,0.14542060374248422,0.1285547964420911,0.09226830574656121,0.19523622293259812,0.14252652653481915,0.18027728601180426,0.10615128081875105
0.16037026652450215,0.16921505441587759,0.6260633496734451,0.6083547072082274,0.23424295185744182,0.43093525781581177,0.15524476215383787,0.1816584591727155,0.3395118389919584,0.40029121680796637,0.31031622761069044,0.4617739680990016,0.38170234194174335,0.41958980155970116,0.2767933368919586,0.3431253619702453,0.6385061160637724,0.09215054332910776,0.22349332421633755,0.3324448765512249,0.2711342913897318,0.29613787425040383,0.18792885183669386,0.2069764149337939,0.27755752721398064,0.5451102950206367,0.24271464460855108,0.28256805890354464,0.24982391255256697,0.33539781696425036,0.29854664759802607,0.5141539989020071,0.16130671674816516,0.23321826678634366,0.18300940653929396,0.23037478539248163,0.17840152627761546,0.36786110074040346,0.2986098820486574,0.43856649160017014,0.16502302781567096,0.34846209050518595,0.19744184479619603,0.19741348316486734,0.1660483694296842,0.21063890495917115,0.1566699961699248,0.16657049820537884,0.1693903159924579,0.23102354394083274,0.0956708779191644,0.09712539110145202,0.3542117333007705,0.3885352734393457,0.21081593365045376,0.08561221830018899,0.21873764188170663,0.3191334850446282,0.09723444850792698,0.09206787091191973,0.20300039773905643,0.20700416750318626,0.09521236626321586,0.10236499126572252,0.13924551202530533,0.19506342981257097,0.11672609567346202,0.12998395361477763
0.17971531163372373,0.1702383274503897,0.6083547072082274,0.5515809738726064,0.39808147809025096,0.24427846601288794,0.1472789085790181,0.19496960700792926,0.4837364247588475,0.30740788772202904,0.4154105461459936,0.37441212517110417,0.4656186109137106,0.29913338450486016,0.3073491221018638,0.28847225448470615,0.08638389377967107,0.6362347720697503,0.32437270120218464,0.2299437860869606,0.2914891138441161,0.2413281608742362,0.2893656599534045,0.1533758326985454,0.49791724885310285,0.27606573415048535,0.27551216844938475,0.24701803518327947,0.4278269790212914,0.2323169406844654,0.5090764096661498,0.27083666021519726,0.19597734243273784,0.2056704432506558,0.17930270861796155,0.19662811490837573,0.35302789442041915,0.17087441270539908,0.4236135511820982,0.28965404878996637,0.36170541346902074,0.13203833121867625,0.1970467622856805,0.20583616306192049,0.21678170080796527,0.15168117094330927,0.16714934075095916,0.1612530982589203,0.2131782184700639,0.1734850850497347,0.10161807582534993,0.09925715657912192,0.3703588797271211,0.36671178243298796,0.08008323347940091,0.20108892076882587,0.27981655581124965,0.2022432542703363,0.09654569789417117,0.09549982984772015,0.21023842400733697,0.19286608206693084,0.1038138508551496,0.09563969497553969,0.19643103324836536,0.12705361720546732,0.11914122457035789,0.1227109134440713
0.10734221332598799,0.12422757150493813,0.23424295185744182,0.39808147809025096,0.1081595767350942,0.2518323113846083,0.10191601261548908,0.1019601502160986,0.2162065923479885,0.320661602220391,0.22208058621945487,0.4069754249009274,0.15943875311908715,0.24779047923777583,0.17577852994393733,0.21819905189368002,0.25578172671538507,0.37150780465550104,0.1323227286126693,0.398927651815022,0.1984188562357661,0.0716785471077375,0.12257291503743972,0.14735208356157903,0.23439796987093708,0.7100860093903114,0.12790337722976253,0.1637268513055963,0.22461341745795896,0.5615367583852044,0.2029456197409204,0.36018396898334526,0.11463209449215195,0.17488367839210084,0.16883726986980083,0.3027105394422014,0.1325171596427601,0.36145579961744756,0.2635172946536448,0.2180961270824289,0.12529605743640815,0.3630133662329155,0.1158815734587561,0.1293783237200976,0.11639980265434541,0.15285787520584562,0.1143917399376653,0.17673711559153993,0.11454326534044629,0.14728791095006982,0.09757976946218322,0.11680567704960551,0.26519471359574287,0.264313574152732,0.13826208560796965,0.30671324127172195,0.1653842345159831,0.21216664094374466,0.09143184295204815,0.10339381715908658,0.1361850202458311,0.17584980607044315,0.08446750305188336,0.09785816168587677,0.1200225579454169,0.32134286090093256,0.09928778228667516,0.1341600854202556
0.12888524937472295,0.09880826079356253,0.43093525781581177,0.24427846601288794,0.2518323113846083,0.11371928504732046,0.12027343056684055,0.0983486029109443,0.376138643940109,0.21005956244977886,0.40921760207817093,0.22407796905813343,0.26020040317867155,0.1452232946987403,0.21987659851972968,0.18678239066157104,0.37330406042835557,0.2803446519158573,0.39445286005687774,0.14134379172028366,0.06409492414207837,0.2011821832430815,0.16604973664834308,0.10956730428315024,0.7070004423921308,0.2528900265976456,0.17134714433788067,0.1330219475844299,0.4818002858476455,0.2718748258839611,0.36664683512974894,0.19340146836307381,0.16280536768184065,0.13246128782718178,0.25449307619572187,0.16088987315584735,0.33982885692225673,0.13188391057999377,0.1993990224952618,0.24162486659786087,0.38339105547792907,0.11904117287012213,0.12206626259472964,0.11748487592878071,0.14774383339260833,0.11185470449144835,0.1951288404126751,0.12385207856704034,0.14502572277098552,0.12434290041782778,0.1069793900287603,0.10005358130323494,0.2881924487435244,0.2268562496407981,0.33470598329844364,0.14568982875004174,0.20901450846020753,0.1623503986060673,0.10891527733810874,0.09110416801945444,0.21529633928990674,0.12225174359424149,0.10044672784002917,0.08388604050621415,0.2679248101558768,0.1289485285422678,0.1463545575970091,0.10430216437243318
0.07816472203056546,0.07156856866327665,0.15524476215383787,0.1472789085790181,0.10191601261548908,0.12027343056684055,0.07091430878928658,0.06945839565629479,0.15568829898512943,0.1652570341583035,0.3464554713584791,0.4460172305194605,0.11419006293932343,0.10497838490389613,0.07585433828234822,0.07791456082856169,0.12723293871512018,0.11876145129873827,0.16159533791611874,0.18690786195151526,0.0998825248495513,0.11773598762702536,0.08958787911769073,0.08945977911915012,0.3429368343414539,0.41938037068202094,0.12170915282051728,0.133926594809964,0.580947480354311,0.05486280951422948,0.13278460181249133,0.1370597975452662,0.11515733754686441,0.1632678622071429,0.11048351089158233,0.12442360622966975,0.12784581736104694,0.17346341400044618,0.2540654462373256,0.36675400552913817,0.1433113303217953,0.2340188696265945,0.16347689341078375,0.20534025880966764,0.13228991425384112,0.1746093373799445,0.13405031826606784,0.14025294053725923,0.1534476032682009,0.20489199187977888,0.09567453318703745,0.1246249108225223,0.6859966269831616,0.5937381129610512,0.34412719513363677,0.4955120431755794,0.3806249626200909,0.5247184646347804,0.13026225688035104,0.26784586831602675,0.23972394780983292,0.27523619640372426,0.3852357718087231,0.04222576320656386,0.3661995648282541,0.43598672227182755,0.2292052946827553,0.4039033796506993
0.07372097513027637,0.07187496789917167,0.1816584591727155,0.19496960700792926,0.1019601502160986,0.0983486029109443,0.06945839565629479,0.06876550501581764,0.1722236822734393,0.13661151368823926,0.35701843674463224,0.2642854059274777,0.13391562070483953,0.1062529844688252,0.07104120102664188,0.07746651598926235,0.15481607322810176,0.1364041395969962,0.1458386455748381,0.11456073759500894,0.12007269913861142,0.13174279224866764,0.09095283394401103,0.08105497637025678,0.3209878589217472,0.24532837843561633,0.16302724962361134,0.13852294658289233,0.05635621971976436,0.5512500492434094,0.16226373578770537,0.13140057515991743,0.12117441970874575,0.11772959579719514,0.13573410130369676,0.11879719380406542,0.197556325891751,0.12941335466017345,0.2770357432077519,0.20615745378972733,0.23924075516076926,0.14072560209964508,0.23383178360304357,0.17343661985340186,0.1804395389814636,0.12377787312940997,0.15438659805960492,0.13109261023077737,0.20484235687383454,0.1552231221974078,0.12074772493733008,0.09661475561628444,0.6498459925229099,0.5066652852571697,0.5778452435548449,0.3382993284289137,0.3951720486495983,0.29978781893395867,0.2087742270346776,0.1530237830794195,0.3096384675159145,0.21660453271410504,0.04648435688355506,0.3761866224066761,0.42142745255239245,0.3595906931311667,0.36430198979274797,0.23221578816899976
0.12229917116935868,0.12557099770374855,0.3395118389919584,0.4837364247588475,0.2162065923479885,0.376138643940109,0.15568829898512943,0.1722236822734393,0.2632126185672806,0.32530716550691186,0.35193071666367953,0.46522169147135106,0.2906985640538956,0.4381557904284767,0.1288654138306368,0.1547393537763403,0.25568169807102936,0.2816946803026769,0.20441242613014377,0.3993414589715256,0.1637706507621705,0.17746046214545513,0.21687254836500744,0.44564166507544445,0.37818618906957235,0.7722500916771704,0.36921696616293886,0.06045443045936111,0.3730197006923652,0.4933560471827549,0.18873188980201575,0.23314863908361724,0.17169559535773415,0.469769509762796,0.16954197883241348,0.2124558849258974,0.2143426589474682,0.37733723856220236,0.2790098098748776,0.3217309513930423,0.23582002604547475,0.42296155644000066,0.3552217194578064,0.6540983875854999,0.27284013894599274,0.6053736468764253,0.15772252392261735,0.21239315403629,0.27964293280622565,0.515158443418491,0.11201574254272514,0.1846738337242979,0.6929950110804808,0.34695606780223376,0.2611780458129444,0.36329515005325586,0.30839243166823804,0.3905246198004787,0.10858886841031559,0.13177107168519772,0.3679001181389407,0.46076002729749455,0.12876447938502633,0.13780164840259526,0.23550405072977207,0.3048782127577482,0.15657454595607936,0.19645727317732747
0.12399352294401597,0.11624457287189882,0.40029121680796637,0.30740788772202904,0.320661602220391,0.21005956244977886,0.1652570341583035,0.13661151368823926,0.32530716550691186,0.32707539605303826,0.44118480405694227,0.37145292888734666,0.4851311924818926,0.2601967285283568,0.1396108535169699,0.15159586731164496,0.2840405697854872,0.2601001007605179,0.43054630416877304,0.24698881177905757,0.1905163101958397,0.17724639166424244,0.5662416942697773,0.1707715831620893,0.8020774847379749,0.4766570603469156,0.0714687060867218,0.3753076589736461,0.536557030022277,0.5568780281958794,0.23282382348012987,0.18788501238939803,0.32137268231381183,0.23399133157151725,0.24451773578557995,0.16913869393901934,0.36007893218516174,0.20472539029773074,0.3375177725038696,0.31501954046193126,0.3797528089316049,0.20465022745192019,0.6148416113082232,0.36019868708026687,0.5912632449519266,0.2553707326969151,0.22057626501370947,0.179608993757143,0.48039035552838466,0.29235079571210915,0.19935184353535787,0.1298466731475279,0.37476877914404866,0.6636000428041684,0.32932972715968556,0.2343240656000686,0.48012676570345086,0.3526626953177123,0.15118211553782884,0.10775336435772614,0.4599220479538044,0.32765439941284347,0.14226742352685917,0.11963254250867894,0.2840497501193646,0.26600168366707594,0.17937179908702566,0.15043271495209212
0.4069224140478245,0.049624359564495915,0.31031622761069044,0.4154105461459936,0.22208058621945487,0.40921760207817093,0.3464554713584791,0.35701843674463224,0.35193071666367953,0.44118480405694227,0.18181114879519616,0.3184125496843184,0.27318314372312,0.39047114886511713,0.24621458764153542,0.22114686970303749,0.18356805280137312,0.2413986246806847,0.1272452285220183,0.33588110767648943,0.13705633056015995,0.14625423786684327,0.12838735269720505,0.1629598416581709,0.16904916896744884,0.3784053789906275,0.12522858620212335,0.13990764639747838,0.14896506575654417,0.1984449055481104,0.08790858782467988,0.1783362013127936,0.11505854522003472,0.14483747941455455,0.12100533067947344,0.14576224400034296,0.11871930963374076,0.30723650268455915,0.12488137807243552,0.3477778043638952,0.13970799614988055,0.06108680787042391,0.0968360045034819,0.10066260610853632,0.12668423526270908,0.16110026208878497,0.12017966906151137,0.14134941081243585,0.11728113232263528,0.17657002786003004,0.0856006925172949,0.10008038784989053,0.17098012639396648,0.24712171788751053,0.11231417403821456,0.2921600159906674,0.1570567193064254,0.18242723351280793,0.08586673667076505,0.09152961015046059,0.13474644606804806,0.17831644484456063,0.07616800332515525,0.10262047595995741,0.12823621095458157,0.32400075105469667,0.12204866886395069,0.1474445523464919
0.04481448053747432,0.3950240843387891,0.4617739680990016,0.37441212517110417,0.4069754249009274,0.22407796905813343,0.4460172305194605,0.2642854059274777,0.46522169147135106,0.37145292888734666,0.3184125496843184,0.20725833347769457,0.40731326299123166,0.26317511647684116,0.23176110048535953,0.21553862119127393,0.23392669368920904,0.16644598900042507,0.3238513850945344,0.14074442617225558,0.13919843573100013,0.1526017493357409,0.16655479177328528,0.12109115647530075,0.38645212557652975,0.21990008112544263,0.15226783458578003,0.13546186334936539,0.23364891655672965,0.16122977059794674,0.2041085494686597,0.0984643568738526,0.13571758660557118,0.1286089450678159,0.15145517278758575,0.13137574534019048,0.3117777760745206,0.1210529665883226,0.34667947516699144,0.1380165657057167,0.06280103171933596,0.1441356773281243,0.10932271760964234,0.10345116308948103,0.15426428418839527,0.12360204470509378,0.15971133638878943,0.12819267559265785,0.15966412315940892,0.12449383436851602,0.09575937392368764,0.09496215218663306,0.2138824284651066,0.19617704837657743,0.3325549149974075,0.1371824621121173,0.19981698984434307,0.18408266602330686,0.09292009416058875,0.09145199313189578,0.21001731888047276,0.1304108513144947,0.10093950263996843,0.08875294423445951,0.2975905602758523,0.12952894268824214,0.1572048823593487,0.12423917402079024
0.09884069486303834,0.11729953118037927,0.38170234194174335,0.4656186109137106,0.15943875311908715,0.26020040317867155,0.11419006293932343,0.13391562070483953,0.2906985640538956,0.4851311924818926,0.27318314372312,0.40731326299123166,0.26043769792347243,0.3700514955248644,0.11834497688803844,0.12902751217691844,0.2474084327944126,0.36914058726040744,0.18384598533200985,0.43090702077169674,0.20120134289744915,0.2180987948172683,0.1762760564940537,0.2924319747762061,0.41558427390375563,0.26039787566544487,0.3134966225973202,0.5566705062785076,0.2631676461232344,0.4590928325248943,0.18434276623076845,0.2957525002834115,0.18751144977395323,0.4180984218119246,0.20700492101710394,0.29497358480341895,0.20244880258401915,0.5156045669322887,0.2819528013370937,0.6284886963943195,0.21941280579523675,0.5630160710981836,0.3653836986416274,0.682883954368009,0.28043779562700977,0.6747459102064993,0.18100481297820453,0.27945681438717646,0.345428127368649,0.0947554839210423,0.13378983588569926,0.35260719625595255,0.6817534377644878,0.7502687919533797,0.25770355977760834,0.45484270536503557,0.28899915486421784,0.35188432684815807,0.14084389515496853,0.24678011606015327,0.4940860283187405,0.7529851737961798,0.15058244111916935,0.2005374035220911,0.2942792168224011,0.6248199074972344,0.19924018650302755,0.3730226286241819
0.10892607330382842,0.10203720561109988,0.41958980155970116,0.29913338450486016,0.24779047923777583,0.1452232946987403,0.10497838490389613,0.1062529844688252,0.4381557904284767,0.2601967285283568,0.39047114886511713,0.26317511647684116,0.3700514955248644,0.212412694998019,0.1133526889611143,0.11747627532610674,0.2952063878510553,0.22816167423283973,0.3930811460433661,0.15759135293056642,0.1688344638142134,0.17629652565409681,0.331636068305281,0.1348184058093411,0.2724904450827087,0.3780617316565166,0.48984701666606223,0.27775534637566757,0.35425583134127014,0.3294290272554235,0.2703626320499941,0.17871148800646358,0.2560003753833844,0.199216177445887,0.2528204776949542,0.16695751872367698,0.4662981117814203,0.17156239627478526,0.6314064497956335,0.2392179822708984,0.5291164711421344,0.16800720840700445,0.652892666325204,0.3562800007484752,0.6368865719922208,0.25396157369341926,0.23896807097910783,0.14816524665037212,0.06895504245028186,0.2889688043814391,0.28766030288505673,0.125277164461706,0.7539480216410568,0.5403341039670705,0.41844960951578963,0.24252088850763598,0.3544483209414287,0.2411666312564325,0.2528275855633728,0.14050469506594354,0.7582764026656861,0.43339788078784836,0.1979576565758709,0.13289658946045335,0.5722176563507851,0.2832047578673125,0.33800037991176624,0.19807680571391834
0.08341525782537859,0.0869014905956976,0.2767933368919586,0.3073491221018638,0.17577852994393733,0.21987659851972968,0.07585433828234822,0.07104120102664188,0.1288654138306368,0.1396108535169699,0.24621458764153542,0.23176110048535953,0.11834497688803844,0.1133526889611143,0.08182757538985028,0.08245207864981953,0.12134753994391669,0.12282353438973112,0.14369763694038928,0.1939839887530156,0.1562565645156852,0.16038622967001617,0.09007494311296521,0.10296355672513996,0.21052588495558147,0.26528147765481813,0.12221077595732054,0.15707736712595463,0.25303365129608274,0.43545543279454735,0.10377823643662469,0.1238385111389551,0.24413311233856727,0.3230511714050891,0.1311779291290447,0.19303916966806284,0.1355191076427611,0.25313180606220503,0.17820674514407783,0.2283863185825863,0.17340700744135704,0.2875602132802288,0.12480247431148388,0.21183471430785436,0.1642746124956256,0.269158487222961,0.2481271300077564,0.39816169874964336,0.15686555608641925,0.2835543488937492,0.1174252093656074,0.2752175034172948,0.4015158878366436,0.46002402385015284,0.2142108898280657,0.4583950512818379,0.4605119860383705,0.3161550800035717,0.1376531813079691,0.053494119071593,0.19196981840591965,0.27543086523557053,0.15275863025181924,0.26815591393937316,0.17767047414710588,0.34541360214691685,0.1462384089436284,0.3489530766786833
0.09124028699119857,0.08426616435439122,0.3431253619702453,0.28847225448470615,0.21819905189368002,0.18678239066157104,0.07791456082856169,0.07746651598926235,0.1547393537763403,0.15159586731164496,0.22114686970303749,0.21553862119127393,0.12902751217691844,0.11747627532610674,0.08245207864981953,0.08489044203356046,0.13248427882631067,0.1393875760594163,0.21289132942461653,0.18345250638801375,0.1942750431994338,0.17989640898879414,0.11292301273841716,0.08220924601827309,0.28372287153246,0.25903167288235907,0.16606266695216604,0.1421520800182323,0.37424782170397414,0.3146403598191637,0.1277566102960724,0.11223534237232932,0.35348964546808614,0.30831721504648973,0.23882679343829788,0.14625162470406147,0.27283552522173615,0.1473385733528091,0.2630063753681155,0.18666720529720993,0.326814093995608,0.16011209563639883,0.2378933753103465,0.1396147110491655,0.2894968746373457,0.1544935318359898,0.542866090785882,0.26988856526080607,0.2899418178890061,0.17835290826887867,0.30425410564676486,0.1425338257318969,0.5796721982332659,0.37713062150322374,0.44749118178953007,0.23387259678271957,0.27562970607243803,0.44057139197379636,0.07274101677100232,0.137069283744027,0.3179814097269317,0.18482540818978058,0.23146866015317868,0.13659375769374943,0.33371711528132786,0.21642785123136943,0.3767366551953489,0.14877868962314927
0.11502905807998015,0.10927562152091264,0.6385061160637724,0.08638389377967107,0.25578172671538507,0.37330406042835557,0.12723293871512018,0.15481607322810176,0.25568169807102936,0.2840405697854872,0.18356805280137312,0.23392669368920904,0.2474084327944126,0.2952063878510553,0.12134753994391669,0.13248427882631067,0.22139230495521475,0.23614295903073704,0.19546571980465216,0.3636241605012248,0.2819332083215666,0.23708042119673678,0.16064158018340974,0.3016012786677137,0.3205022906239291,0.7361552583684721,0.33440422588683555,0.6613660154767418,0.2235661843367478,0.22841380772827932,0.15298176575825456,0.1867221917854135,0.2774259938353951,0.6007884384243414,0.2287940269665505,0.31150521366074435,0.24701897769924136,0.44891721751176483,0.28445503032996333,0.30878894255790496,0.3080714186319736,0.5663328508806508,0.32067270321088714,0.8118208506552759,0.32066654246596005,0.11659913989883244,0.27924238139412594,0.5607799850703261,0.2637833756980793,0.7209724533496515,0.14351823604515151,0.36886681505514185,0.5291263998493219,0.7207509260868035,0.3673734154305938,0.4322734856487509,0.3576115425452483,0.41064320576152336,0.13223279840295143,0.22197674992955035,0.4305311194547051,0.6417209368346446,0.1470865739115883,0.2078378927462629,0.2529728865213056,0.390343897532491,0.20810860838610534,0.3576734003942342
0.12512706520398484,0.1137226310636811,0.09215054332910776,0.6362347720697503,0.37150780465550104,0.2803446519158573,0.11876145129873827,0.1364041395969962,0.2816946803026769,0.2601001007605179,0.2413986246806847,0.16644598900042507,0.36914058726040744,0.22816167423283973,0.12282353438973112,0.1393875760594163,0.23614295903073704,0.2465917390228108,0.37740910545568734,0.21196596487988476,0.2308052173603824,0.2996068987543482,0.35212022129118375,0.13479204988664784,0.6856826461684524,0.3870398329238168,0.6493689727251483,0.3523302582860828,0.26987111317680046,0.16985734646608927,0.19936031738246074,0.1616903677072658,0.40663795082914905,0.3292207945642014,0.31744207950140446,0.22972817837872783,0.4543153810972206,0.2301387858496871,0.312415832578677,0.2665583552961386,0.6363782582498825,0.2489519483382779,0.8065197824423573,0.3522416645762548,0.16398369806310664,0.2907030462268619,0.5537653491185566,0.3130805812458142,0.6735248451194964,0.2997569465822618,0.33974136277381145,0.15682192960994634,0.6432402992956798,0.5585531376448637,0.4175169824560858,0.4035631412713896,0.4469022111946623,0.3284234965592019,0.24998101868042577,0.13213663475696846,0.6742098993226096,0.4026875080433197,0.20868516179238103,0.14838936663270458,0.35009569946685315,0.2828363529980367,0.34602931257963687,0.2183988847649494
0.10606608665308928,0.14179910839757645,0.22349332421633755,0.32437270120218464,0.1323227286126693,0.39445286005687774,0.16159533791611874,0.1458386455748381,0.20441242613014377,0.43054630416877304,0.1272452285220183,0.3238513850945344,0.18384598533200985,0.3930811460433661,0.14369763694038928,0.21289132942461653,0.19546571980465216,0.37740910545568734,0.13453109415287895,0.5176281361298318,0.14829557767741852,0.27155473592588886,0.15381716809891632,0.3373723934819519,0.21112541439418275,0.3008242216107482,0.21133052852451845,0.5342870225269596,0.15906984644018024,0.3409808750206224,0.18179373793319034,0.36752883888047827,0.1372806550608137,0.4214395333909901,0.1420487332226705,0.3101395282953561,0.13912933092264812,0.2536623710132607,0.2077212854940279,0.4338447632697885,0.11916499628458113,0.5078824358457308,0.1916137718004108,0.44384377766836985,0.15954053909660298,0.4682274204575177,0.13893886627760688,0.27102266263771285,0.14754867887568904,0.40904463812804026,0.10079203244940282,0.1733958450162043,0.3124389203912197,0.3741738199273955,0.16731805069615635,0.3476727669217384,0.17407353705308676,0.228457372523436,0.10420504347751808,0.1292830131727042,0.19467965520671443,0.31950750014875173,0.12012671962598431,0.17241077730625815,0.1490716859789435,0.29992437664224414,0.13307491197943846,0.2300909531600442
0.13954342953237114,0.10171246312449783,0.3324448765512249,0.2299437860869606,0.398927651815022,0.14134379172028366,0.18690786195151526,0.11456073759500894,0.3993414589715256,0.24698881177905757,0.33588110767648943,0.14074442617225558,0.43090702077169674,0.15759135293056642,0.1939839887530156,0.18345250638801375,0.3636241605012248,0.21196596487988476,0.5176281361298318,0.13487039690291233,0.24533545589967892,0.16080643321426266,0.4154027893346805,0.12071669955265442,0.2544561717999203,0.25036742232785736,0.5475869842661654,0.20735607980278553,0.3826329697522095,0.15753528392621197,0.3859395934813592,0.1877718349070142,0.3168812354503814,0.18082405703647597,0.3271277469669822,0.1330930945611514,0.27435066705513533,0.15311019817482618,0.4500761672713981,0.20650306366513987,0.4464733807409256,0.13296060864629453,0.45004883472751245,0.2058962910766134,0.4976505357318741,0.1611959645864638,0.28263463407782996,0.146644875250591,0.395646629831733,0.17030215049181296,0.19856936732131214,0.10438698078866335,0.3881482693823981,0.3156575311847848,0.37604455249345325,0.16663192139326988,0.2244486986369981,0.16773257784105278,0.14417129830323047,0.09820988080469248,0.35705590010019617,0.18791527442145184,0.17171367555076722,0.11751699308026423,0.28118270177544713,0.14733959892314552,0.20737940459293225,0.14406492511337665
0.09585877075970442,0.10781523278695238,0.2711342913897318,0.2914891138441161,0.1984188562357661,0.06409492414207837,0.0998825248495513,0.12007269913861142,0.1637706507621705,0.1905163101958397,0.13705633056015995,0.13919843573100013,0.20120134289744915,0.1688344638142134,0.1562565645156852,0.1942750431994338,0.2819332083215666,0.2308052173603824,0.14829557767741852,0.24533545589967892,0.17051228480598465,0.17380482507280248,0.22482983540292856,0.16068614619395485,0.2979212951479583,0.4075107318459824,0.368706743522089,0.43499226425809,0.16254936740612452,0.1598607606980788,0.30754598785955417,0.2902722114988836,0.29331773824858964,0.44032525867720557,0.17831809346652644,0.17056809116252064,0.23658242553745767,0.3551606215919237,0.2632897163270351,0.37018691201651066,0.19616674881260523,0.28767841456547716,0.5723604794211119,0.6412296809738105,0.4042888776369946,0.5258287746051633,0.21692889233925694,0.299519510880966,0.37392020554092,0.6923661947558075,0.17053876008210894,0.2222481012710345,0.6448724376393749,0.104126732334872,0.34654574584678466,0.5454089314379169,0.2872654945443167,0.37775847452261485,0.18737710973972468,0.21329457238872124,0.49655864437099945,0.6020597535809794,0.29718161057570375,0.3411019890831495,0.3095679171899786,0.35944197411231277,0.23352269364237954,0.27826011369168857
0.11436536298115436,0.08897131755466547,0.29613787425040383,0.2413281608742362,0.0716785471077375,0.2011821832430815,0.11773598762702536,0.13174279224866764,0.17746046214545513,0.17724639166424244,0.14625423786684327,0.1526017493357409,0.2180987948172683,0.17629652565409681,0.16038622967001617,0.17989640898879414,0.23708042119673678,0.2996068987543482,0.27155473592588886,0.16080643321426266,0.17380482507280248,0.1964840992564485,0.1956638919738958,0.19964537507368746,0.4059998163468901,0.3040409687947093,0.4567434136779211,0.4023331373469957,0.18221606498019255,0.15827981231339094,0.28305441036872514,0.31963314552194405,0.3596600932928685,0.40375935934149326,0.20146825219283598,0.17277103737138955,0.37070890810980833,0.27170126934247246,0.3917273671790659,0.26798009561138114,0.3350529097687298,0.1801790268097224,0.6727956834964186,0.5898384526182765,0.591235810553819,0.4071195279362744,0.3111301852338999,0.23612967652165467,0.7009880356620679,0.4238023736004384,0.23835465200954356,0.18209382158345838,0.08276448181648938,0.6968755510076113,0.5446846267882097,0.3163292045290295,0.3736862562915807,0.27881263236372383,0.23688218004074368,0.16920579231687305,0.667719061978162,0.4973070212179652,0.3537656474052541,0.2797689564185532,0.4041303826978737,0.30070391653640993,0.2661193944953573,0.2479293798354949
0.0911453870491184,0.15325319452951594,0.18792885183669386,0.2893656599534045,0.12257291503743972,0.16604973664834308,0.08958787911769073,0.09095283394401103,0.21687254836500744,0.5662416942697773,0.12838735269720505,0.16655479177328528,0.1762760564940537,0.331636068305281,0.09007494311296521,0.11292301273841716,0.16064158018340974,0.35212022129118375,0.15381716809891632,0.4154027893346805,0.22482983540292856,0.1956638919738958,0.10902616094099957,0.11172775203857924,0.17735511324127481,0.5061269395330048,0.18853275262800778,0.2530313080579222,0.15828503036932556,0.18859720578696768,0.11731816186311672,0.3101657910700728,0.15700127870202663,0.26104558918694387,0.22069457075996143,0.3660963501740747,0.1353895435339674,0.3219253285119962,0.1669241456498045,0.37230793802615636,0.14960742287958,0.39897517544416816,0.18933534976661848,0.29455664636456785,0.15044717115859135,0.38980191758210214,0.14798267078722957,0.2518620131315271,0.1633194611692475,0.3816348737161115,0.11697469642737823,0.20341840449819443,0.31726227448854527,0.36984259039239875,0.18014854780278028,0.3390315633722405,0.24880673363843353,0.45436450719211996,0.13017490255863298,0.3425247538636633,0.3157135449571605,0.5356779340861905,0.21738163643528619,0.441151749760712,0.30651776872284986,0.42649927571170193,0.26078698274292544,0.22287655895103572
0.12285473119134241,0.0810553074170131,0.2069764149337939,0.1533758326985454,0.14735208356157903,0.10956730428315024,0.08945977911915012,0.08105497637025678,0.44564166507544445,0.1707715831620893,0.1629598416581709,0.12109115647530075,0.2924319747762061,0.1348184058093411,0.10296355672513996,0.08220924601827309,0.3016012786677137,0.13479204988664784,0.3373723934819519,0.12071669955265442,0.16068614619395485,0.19964537507368746,0.11172775203857924,0.08802232160789178,0.3817730226719598,0.18580824019790296,0.22475570429185715,0.16278138040186194,0.18809427127354905,0.1686329212160868,0.2842893933698376,0.1019632060640135,0.1794918221161369,0.15047580550739403,0.33675155649376987,0.17344188727433818,0.286441623457952,0.12041026166519964,0.30987799801221566,0.15110508912352938,0.38223561548055196,0.13237211393218778,0.2819637020031954,0.17135573683294364,0.32513389938460857,0.13846621531060202,0.20446677249112555,0.12309207445822809,0.3498886604472981,0.15716809693920997,0.1869825110021418,0.10509084444708079,0.31745836965183266,0.27440230840530405,0.3668133831263784,0.18433150044139635,0.4701098055591406,0.20255642237163385,0.3431251377934189,0.1245777068141539,0.6385030817311357,0.23068317947115347,0.3836654571807366,0.21397663690374308,0.4124067672000378,0.2800700282735664,0.22293241185386778,0.23294839832990216
0.23258318211442602,0.43097079252435133,0.27755752721398064,0.49791724885310285,0.23439796987093708,0.7070004423921308,0.3429368343414539,0.3209878589217472,0.37818618906957235,0.8020774847379749,0.16904916896744884,0.38645212557652975,0.41558427390375563,0.2724904450827087,0.21052588495558147,0.28372287153246,0.3205022906239291,0.6856826461684524,0.21112541439418275,0.2544561717999203,0.2979212951479583,0.4059998163468901,0.17735511324127481,0.3817730226719598,0.18285244060522,0.5579610492687986,0.2681514633062579,0.5258009276148942,0.1398040789476727,0.2145400907617292,0.14937180056248434,0.3353577118147102,0.21873558974958046,0.37939180947324835,0.22953415978003855,0.4894102860318421,0.14412694624398875,0.37382888614895754,0.1598408381181459,0.2924646348487103,0.14840715333625049,0.4046785187175769,0.17392894324008668,0.2334930187200177,0.1733752565935195,0.37341102423388695,0.19479943301834507,0.2884723355213801,0.16897745044070667,0.37824647274421963,0.14643949663683015,0.19092308127483817,0.2674408985146577,0.26249561588642184,0.12914484860919132,0.1952163393796804,0.19592873020665247,0.20075772558047256,0.1251350252370737,0.15066898435681314,0.2206464036479956,0.3231775694425218,0.10620955760087894,0.21652788134039924,0.15939910375557723,0.4201011694032847,0.15632463820207737,0.34694189348632576
0.4159274258646958,0.25279687891562247,0.5451102950206367,0.27606573415048535,0.7100860093903114,0.2528900265976456,0.41938037068202094,0.24532837843561633,0.7722500916771704,0.4766570603469156,0.3784053789906275,0.21990008112544263,0.26039787566544487,0.3780617316565166,0.26528147765481813,0.25903167288235907,0.7361552583684721,0.3870398329238168,0.3008242216107482,0.25036742232785736,0.4075107318459824,0.3040409687947093,0.5061269395330048,0.18580824019790296,0.5579610492687986,0.24052504060512167,0.5488582034755585,0.3236172471655687,0.20208544479224022,0.18005807688182193,0.38248388102141984,0.17760467822433146,0.341231384967464,0.27558058394413,0.4802971565826136,0.2310150877828716,0.36556124910765364,0.15626275507587925,0.30586901714071624,0.18473536389413434,0.3899801754288684,0.15004778981227138,0.2746390493224167,0.22219818916484693,0.39186992576980684,0.18662908518868446,0.3081549852257335,0.1946869609975996,0.38231758628973583,0.19642239197052994,0.19045678145153677,0.1610587581608053,0.35883594008761766,0.24951358401972823,0.2201681281816108,0.1348737588758692,0.23082360259985016,0.1812984154542004,0.15957431107462905,0.13019286651099035,0.46894396853596526,0.20211903331996786,0.22505661015361245,0.10401925328426637,0.3456825633199264,0.17991068092532395,0.318862035396264,0.1525059171649597
0.10506848131394751,0.19309492837163622,0.24271464460855108,0.27551216844938475,0.12790337722976253,0.17134714433788067,0.12170915282051728,0.16302724962361134,0.36921696616293886,0.0714687060867218,0.12522858620212335,0.15226783458578003,0.3134966225973202,0.48984701666606223,0.12221077595732054,0.16606266695216604,0.33440422588683555,0.6493689727251483,0.21133052852451845,0.5475869842661654,0.368706743522089,0.4567434136779211,0.18853275262800778,0.22475570429185715,0.2681514633062579,0.5488582034755585,0.48346687186359016,0.7108303222788357,0.17608548449106148,0.20545616495188446,0.23026438327163257,0.3571526564205063,0.24744826444996,0.4296380597152715,0.40068398437452946,0.669200098825641,0.20542115923445078,0.39379049312507675,0.22159288137266878,0.3275628155878406,0.21904300756065925,0.3889745181445706,0.5095146910254563,0.7518398361163033,0.3348104247664665,0.6492497203217443,0.2201354005614211,0.29114242966512893,0.37757932304843855,0.7145302048911218,0.18817391154787166,0.335601686314582,0.5806603785585607,0.6409974172968987,0.21383439842248042,0.34080065348969485,0.23506012710316787,0.3478385705406206,0.17188979451079706,0.27408225116409185,0.6937415813022862,0.23172766679872844,0.19830448268385414,0.3083040380165366,0.39699477763280683,0.8866483278903674,0.2623924755694609,0.5187798970513414
0.18527494107899942,0.10926552226001213,0.28256805890354464,0.24701803518327947,0.1637268513055963,0.1330219475844299,0.133926594809964,0.13852294658289233,0.06045443045936111,0.3753076589736461,0.13990764639747838,0.13546186334936539,0.5566705062785076,0.27775534637566757,0.15707736712595463,0.1421520800182323,0.6613660154767418,0.3523302582860828,0.5342870225269596,0.20735607980278553,0.43499226425809,0.4023331373469957,0.2530313080579222,0.16278138040186194,0.5258009276148942,0.3236172471655687,0.7108303222788357,0.49904585720154643,0.22344882473303498,0.17079126805074218,0.3711525329673515,0.23491322541097331,0.2827703260453512,0.31285145563061306,0.7195645631389816,0.3981707136820202,0.4001528886925997,0.19967850113326183,0.3747290733369179,0.22389264817069487,0.42973108077191813,0.18881589436457652,0.76392792030094,0.533215905962629,0.6316770146358106,0.31897739423376653,0.2898300442525598,0.2203415533695631,0.70157236575952,0.38998419317514543,0.28105189424878096,0.20427108173735745,0.7361984379373632,0.5386104801840975,0.3628265625031693,0.2392684074288084,0.4041893432173953,0.2331683287216664,0.2728064749519645,0.17395492783515418,0.38013692419533596,0.5825214751488552,0.30851819064326097,0.221657982362024,0.8008371409355246,0.43847143750668177,0.5604660965826169,0.28253205431256256
